-1, 0
-2, 0
-3, 0
-4, 0
-5, 0
-5, 1
-4, 1
-3, 1
-2, 1
-2, 2
-2, 3
-2, 4
-2, 5
-1, 5
0, 5
1, 5
1, 4
2, 4
3, 4
4, 4
4, 5
4, 6
5, 6
6, 6
7, 6
7, 7
7, 8
7, 9
7, 10
7, 11
6, 11
6, 10
6, 9
5, 9
4, 9
3, 9
2, 9
1, 9
1, 8
0, 8
-1, 8
-2, 8
-3, 8
-4, 8
-4, 9
-5, 9
-6, 9
-7, 9
-8, 9
-8, 10
-7, 10
-6, 10
-5, 10
-5, 11
-5, 12
-5, 13
-5, 14
-6, 14
-6, 15
-6, 16
-5, 16
-4, 16
-3, 16
-2, 16
-1, 16
-1, 15
-1, 14
-1, 13
-2, 13
-2, 14
-3, 14
-3, 15
-4, 15
-4, 14
-4, 13
-3, 13
-3, 12
-3, 11
-2, 11
-1, 11
0, 11
1, 11
2, 11
2, 12
2, 13
2, 14
2, 15
2, 16
2, 17
2, 18
2, 19
2, 20
2, 21
2, 22
2, 23
2, 24
2, 25
2, 26
2, 27
2, 28
2, 29
2, 30
2, 31
2, 32
2, 33
2, 34
2, 35
2, 36
2, 37
2, 38
2, 39
2, 40
2, 41
2, 42
2, 43
2, 44
2, 45
2, 46
2, 47
2, 48
2, 49
2, 50
2, 51
2, 52
2, 53
2, 54
2, 55
2, 56
2, 57
2, 58
2, 59
2, 60
2, 61
2, 62
2, 63
2, 64
2, 65
2, 66
2, 67
2, 68
2, 69
2, 70
2, 71
2, 72
2, 73
2, 74
2, 75
2, 76
2, 77
2, 78
2, 79
2, 80
2, 81
2, 82
2, 83
2, 84
2, 85
2, 86
2, 87
2, 88
2, 89
2, 90
2, 91
2, 92
2, 93
2, 94
2, 95
2, 96
2, 97
2, 98
2, 99
2, 100
2, 101
2, 102
2, 103
2, 104
2, 105
2, 106
2, 107
2, 108
2, 109
2, 110
2, 111
2, 112
2, 113
2, 114
2, 115
2, 116
2, 117
2, 118
2, 119
2, 120
2, 121
2, 122
2, 123
2, 124
2, 125
2, 126
2, 127
2, 128
2, 129
2, 130
2, 131
2, 132
2, 133
2, 134
2, 135
2, 136
2, 137
2, 138
2, 139
2, 140
2, 141
2, 142
2, 143
2, 144
2, 145
2, 146
2, 147
2, 148
2, 149
2, 150
2, 151
2, 152
2, 153
2, 154
2, 155
2, 156
2, 157
2, 158
2, 159
2, 160
2, 161
2, 162
2, 163
2, 164
2, 165
2, 166
2, 167
2, 168
2, 169
2, 170
2, 171
2, 172
2, 173
2, 174
2, 175
2, 176
2, 177
2, 178
2, 179
2, 180
2, 181
2, 182
2, 183
2, 184
2, 185
2, 186
2, 187
2, 188
2, 189
2, 190
2, 191
2, 192
2, 193
2, 194
2, 195
2, 196
2, 197
2, 198
2, 199
1, 199
0, 199
-1, 199
-2, 199
-2, 200
-1, 200
0, 200
1, 200
2, 200
2, 201
2, 202
2, 203
3, 203
4, 203
5, 203
6, 203
7, 203
8, 203
9, 203
10, 203
11, 203
12, 203
13, 203
14, 203
15, 203
16, 203
17, 203
18, 203
19, 203
20, 203
21, 203
22, 203
23, 203
24, 203
25, 203
26, 203
27, 203
28, 203
29, 203
30, 203
31, 203
32, 203
33, 203
34, 203
35, 203
36, 203
37, 203
38, 203
39, 203
40, 203
41, 203
42, 203
43, 203
44, 203
45, 203
46, 203
47, 203
48, 203
49, 203
49, 202
50, 202
50, 201
50, 200
50, 199
50, 198
50, 197
50, 196
50, 195
50, 194
50, 193
50, 192
50, 191
50, 190
50, 189
50, 188
50, 187
50, 186
50, 185
50, 184
50, 183
50, 182
50, 181
50, 180
50, 179
50, 178
50, 177
50, 176
50, 175
50, 174
50, 173
50, 172
50, 171
50, 170
50, 169
50, 168
50, 167
50, 166
50, 165
50, 164
50, 163
50, 162
50, 161
50, 160
50, 159
50, 158
50, 157
50, 156
50, 155
50, 154
50, 153
50, 152
50, 151
50, 150
50, 149
50, 148
50, 147
50, 146
50, 145
50, 144
50, 143
50, 142
50, 141
50, 140
50, 139
50, 138
50, 137
50, 136
50, 135
50, 134
50, 133
50, 132
50, 131
50, 130
50, 129
50, 128
50, 127
50, 126
50, 125
49, 125
48, 125
47, 125
46, 125
45, 125
45, 124
45, 123
44, 123
44, 122
44, 121
43, 121
42, 121
41, 121
40, 121
40, 120
40, 119
40, 118
40, 117
40, 116
41, 116
41, 115
41, 114
41, 113
40, 113
39, 113
38, 113
37, 113
36, 113
35, 113
34, 113
33, 113
32, 113
31, 113
30, 113
29, 113
28, 113
27, 113
26, 113
25, 113
24, 113
23, 113
22, 113
21, 113
20, 113
19, 113
18, 113
17, 113
16, 113
15, 113
14, 113
13, 113
12, 113
11, 113
10, 113
9, 113
8, 113
7, 113
6, 113
5, 113
4, 113
3, 113
2, 113
1, 113
0, 113
-1, 113
-2, 113
-3, 113
-4, 113
-5, 113
-6, 113
-7, 113
-8, 113
-9, 113
-10, 113
-11, 113
-12, 113
-13, 113
-14, 113
-15, 113
-16, 113
-17, 113
-18, 113
-19, 113
-20, 113
-21, 113
-22, 113
-23, 113
-24, 113
-25, 113
-26, 113
-27, 113
-28, 113
-29, 113
-30, 113
-31, 113
-32, 113
-33, 113
-34, 113
-35, 113
-36, 113
-37, 113
-38, 113
-39, 113
-40, 113
-41, 113
-42, 113
-43, 113
-44, 113
-45, 113
-46, 113
-47, 113
-48, 113
-49, 113
-50, 113
-51, 113
-52, 113
-53, 113
-54, 113
-55, 113
-56, 113
-57, 113
-58, 113
-59, 113
-60, 113
-61, 113
-62, 113
-63, 113
-64, 113
-65, 113
-66, 113
-67, 113
-68, 113
-69, 113
-70, 113
-71, 113
-72, 113
-73, 113
-74, 113
-75, 113
-76, 113
-77, 113
-78, 113
-79, 113
-80, 113
-81, 113
-82, 113
-83, 113
-84, 113
-85, 113
-86, 113
-87, 113
-88, 113
-89, 113
-90, 113
-91, 113
-92, 113
-93, 113
-94, 113
-95, 113
-96, 113
-97, 113
-98, 113
-99, 113
-100, 113
-101, 113
-102, 113
-103, 113
-104, 113
-105, 113
-106, 113
-107, 113
-108, 113
-109, 113
-110, 113
-111, 113
-112, 113
-113, 113
-114, 113
-115, 113
-116, 113
-117, 113
-118, 113
-119, 113
-120, 113
-121, 113
-122, 113
-123, 113
-124, 113
-125, 113
-126, 113
-127, 113
-128, 113
-129, 113
-130, 113
-131, 113
-132, 113
-133, 113
-134, 113
-135, 113
-136, 113
-137, 113
-138, 113
-139, 113
-140, 113
-141, 113
-142, 113
-143, 113
-144, 113
-145, 113
-146, 113
-146, 112
-146, 111
-146, 110
-146, 109
-145, 109
-144, 109
-143, 109
-143, 110
-143, 111
-143, 112
-142, 112
-141, 112
-141, 113
-141, 114
-141, 115
-142, 115
-143, 115
-144, 115
-145, 115
-146, 115
-146, 114
-146, 113
-146, 112
-146, 111
-145, 111
-144, 111
-143, 111
-142, 111
-142, 110
-143, 110
-144, 110
-145, 110
-146, 110
-147, 110
-147, 109
-147, 108
-147, 107
-147, 106
-146, 106
-145, 106
-144, 106
-144, 107
-144, 108
-144, 109
-145, 109
-146, 109
-147, 109
-147, 108
-147, 107
-146, 107
-145, 107
-144, 107
-143, 107
-142, 107
-142, 106
-141, 106
-140, 106
-140, 105
-140, 104
-140, 103
-140, 102
-140, 101
-139, 101
-138, 101
-137, 101
-137, 102
-137, 103
-137, 104
-137, 105
-136, 105
-135, 105
-134, 105
-133, 105
-133, 106
-133, 107
-133, 108
-133, 109
-133, 110
-132, 110
-131, 110
-130, 110
-130, 109
-130, 108
-130, 107
-130, 106
-129, 106
-128, 106
-128, 107
-129, 107
-130, 107
-131, 107
-132, 107
-132, 108
-133, 108
-134, 108
-135, 108
-135, 109
-134, 109
-133, 109
-132, 109
-132, 110
-132, 111
-131, 111
-131, 110
-131, 109
-131, 108
-131, 107
-132, 107
-133, 107
-134, 107
-135, 107
-136, 107
-136, 106
-136, 105
-136, 104
-137, 104
-138, 104
-139, 104
-140, 104
-141, 104
-141, 105
-141, 106
-141, 107
-142, 107
-143, 107
-144, 107
-144, 108
-144, 109
-144, 110
-144, 111
-145, 111
-146, 111
-146, 110
-146, 109
-146, 108
-146, 107
-146, 106
-145, 106
-145, 107
-144, 107
-143, 107
-142, 107
-142, 106
-141, 106
-140, 106
-139, 106
-138, 106
-138, 105
-138, 104
-138, 103
-139, 103
-140, 103
-141, 103
-141, 102
-141, 101
-142, 101
-143, 101
-144, 101
-145, 101
-146, 101
-146, 102
-146, 103
-146, 104
-146, 105
-145, 105
-145, 104
-145, 103
-145, 102
-144, 102
-143, 102
-142, 102
-141, 102
-141, 101
-141, 100
-141, 99
-142, 99
-143, 99
-144, 99
-144, 98
-144, 97
-143, 97
-142, 97
-141, 97
-140, 97
-140, 98
-140, 99
-140, 100
-140, 101
-140, 102
-139, 102
-139, 103
-139, 104
-139, 105
-139, 106
-140, 106
-141, 106
-142, 106
-143, 106
-144, 106
-144, 107
-144, 108
-144, 109
-144, 110
-145, 110
-146, 110
-146, 109
-145, 109
-144, 109
-143, 109
-143, 110
-143, 111
-143, 112
-144, 112
-145, 112
-146, 112
-147, 112
-148, 112
-148, 113
-148, 114
-148, 115
-149, 115
-150, 115
-151, 115
-152, 115
-152, 114
-152, 113
-152, 112
-153, 112
-154, 112
-155, 112
-156, 112
-157, 112
-157, 113
-157, 114
-157, 115
-157, 116
-156, 116
-155, 116
-155, 117
-155, 118
-155, 119
-155, 120
-154, 120
-153, 120
-153, 119
-153, 118
-153, 117
-152, 117
-151, 117
-150, 117
-150, 116
-150, 115
-150, 114
-150, 113
-149, 113
-149, 114
-149, 115
-149, 116
-148, 116
-147, 116
-147, 115
-148, 115
-149, 115
-150, 115
-151, 115
-152, 115
-152, 114
-152, 113
-152, 112
-152, 111
-151, 111
-150, 111
-149, 111
-148, 111
-147, 111
-147, 112
-147, 113
-147, 114
-147, 115
-147, 116
-146, 116
-145, 116
-144, 116
-143, 116
-143, 117
-143, 118
-143, 119
-143, 120
-143, 121
-144, 121
-145, 121
-145, 120
-145, 119
-145, 118
-145, 117
-146, 117
-147, 117
-148, 117
-149, 117
-149, 118
-149, 119
-149, 120
-149, 121
-148, 121
-148, 122
-148, 123
-148, 124
-149, 124
-150, 124
-150, 123
-150, 122
-150, 121
-150, 120
-151, 120
-152, 120
-153, 120
